[tanker]
data=19,-1,1,5,-8,3,10,5,1,-8,3,7,11,1,-8,3,13,6,1,-8,3,4,12,1,-1,1,9,-8,3,4,2,1,-1,1,10,-8,3,5,3,1,-8,3,6,2,1,-1,1,9,-8,3,7,3,1,-1,1,9,-8,3,10,8,1,-1,1,10,-8,3,9,11,1,-8,3,12,8,1,-1,1,9,-8,3,13,9,1

[spiker]
data=2,-1,1,6,-4,12,1,2,3,4,5,6,7,8,9,10,11,12

[fuseball1]
data=20,-1,1,8,-8,3,1,2,3,-1,1,8,-8,3,4,2,3,-1,1,7,-8,3,5,6,7,-1,1,7,-8,3,8,6,7,-1,1,6,-8,3,9,10,11,-1,1,6,-8,3,12,10,11,-1,1,5,-8,3,13,14,15,-1,1,5,-8,3,16,14,15,-1,1,4,-8,3,17,18,19,-1,1,4,-8,3,20,18,19

[fuseball2]
data=20,-1,1,8,-8,3,1,2,3,-1,1,8,-8,3,4,2,3,-1,1,7,-8,3,5,6,7,-1,1,7,-8,3,8,6,7,-1,1,6,-8,3,9,10,11,-1,1,6,-8,3,12,10,11,-1,1,5,-8,3,13,14,15,-1,1,5,-8,3,16,14,15,-1,1,4,-8,3,17,18,19,-1,1,4,-8,3,20,18,19

[pulsar1]
data=12,-1,1,15,-8,3,1,2,3,-1,1,15,-8,3,2,3,4,-1,1,15,-8,3,4,5,6,-1,1,15,-8,3,5,6,7,-1,1,15,-8,3,7,8,9,-1,1,15,-8,3,8,9,10

[pulsar2]
data=12,-1,1,15,-8,3,1,2,3,-1,1,15,-8,3,2,3,4,-1,1,15,-8,3,4,5,6,-1,1,15,-8,3,5,6,7,-1,1,15,-8,3,7,8,9,-1,1,15,-8,3,8,9,10

[pulsar3]
data=12,-1,1,15,-8,3,1,2,3,-1,1,15,-8,3,2,3,4,-1,1,15,-8,3,4,5,6,-1,1,15,-8,3,5,6,7,-1,1,15,-8,3,7,8,9,-1,1,15,-8,3,8,9,10

[pulsar4]
data=12,-1,1,15,-8,3,1,2,3,-1,1,15,-8,3,2,3,4,-1,1,15,-8,3,4,5,6,-1,1,15,-8,3,5,6,7,-1,1,15,-8,3,7,8,9,-1,1,15,-8,3,8,9,10

[pulsar5]
data=12,-1,1,15,-8,3,1,2,3,-1,1,15,-8,3,2,3,4,-1,1,15,-8,3,4,5,6,-1,1,15,-8,3,5,6,7,-1,1,15,-8,3,7,8,9,-1,1,15,-8,3,8,9,10

[pulsar6]
data=12,-1,1,15,-8,3,1,2,3,-1,1,15,-8,3,2,3,4,-1,1,15,-8,3,4,5,6,-1,1,15,-8,3,5,6,7,-1,1,15,-8,3,7,8,9,-1,1,15,-8,3,8,9,10

[beast1]
data=16,-1,1,1,-8,3,1,2,3,-1,1,2,-8,3,1,3,4,-1,1,2,-8,3,1,8,5,-1,1,2,-8,3,1,4,5,-1,1,2,-8,3,8,7,5,-1,1,2,-8,3,7,6,5,-1,1,9,-8,3,9,10,11,-1,1,9,-8,3,14,13,12

[beast2]
data=8,-1,1,4,-8,3,1,2,3,-1,1,4,-8,3,2,3,4,-1,1,4,-8,3,3,4,5,-1,1,3,-8,3,6,7,8

[beast3]
data=8,-1,1,4,-8,3,3,2,1,-1,1,4,-8,3,4,3,2,-1,1,4,-8,3,5,4,3,-1,1,3,-8,3,8,7,6

[claw1]
data=7,-1,1,4,-8,3,8,1,2,-8,3,4,5,6,-8,3,3,4,6,-8,3,3,6,7,-8,3,2,3,7,-8,3,2,7,8

[claw2]
data=7,-1,1,4,-8,3,2,3,4,-8,3,2,4,5,-8,3,1,2,5,-8,3,8,1,5,-8,3,8,5,6,-8,3,6,7,8

[claw3]
data=7,-1,1,4,-8,3,2,3,4,-8,3,1,2,4,-8,3,1,4,5,-8,3,1,5,6,-8,3,6,7,8,-8,3,1,6,8

[claw4]
data=7,-1,1,4,-8,3,2,3,4,-8,3,1,2,4,-8,3,1,4,5,-8,3,8,1,5,-8,3,8,5,6,-8,3,6,7,8

[claw5]
data=7,-1,1,4,-8,3,2,3,4,-8,3,1,2,4,-8,3,1,4,5,-8,3,8,1,5,-8,3,8,5,6,-8,3,6,7,8

[claw6]
data=7,-1,1,4,-8,3,2,3,4,-8,3,1,2,4,-8,3,1,4,5,-8,3,8,1,5,-8,3,8,5,6,-8,3,6,7,8

[claw7]
data=7,-1,1,4,-8,3,2,3,4,-8,3,1,2,4,-8,3,1,4,5,-8,3,8,1,5,-8,3,8,5,6,-8,3,6,7,8

[claw8]
data=7,-1,1,4,-8,3,2,3,4,-8,3,2,4,5,-8,3,6,7,8,-8,3,5,6,8,-8,3,5,8,1,-8,3,1,2,5

[pshot]
data=2,-1,1,6,-7,4,1,2,3,4

[explosion_hot]
data=6,-1,1,15,-3,16,1,2,3,4,5,6,7,8,9,10,11,12,13,14,15,16,-1,1,15,-3,12,17,18,19,20,21,22,23,24,25,26,27,28,-1,1,15,-3,12,29,30,31,32,33,34,35,36,37,38,39,40

[ring]
data=2,-1,1,14,-3,8,1,2,3,4,5,6,7,8

[powerup]
data=4,-1,1,4,-8,3,1,2,3,-1,1,4,-8,3,4,5,6

[laser]
data=2,-1,1,15,-3,16,1,2,3,4,5,6,7,8,9,10,11,12,13,14,15,16

[eshot]
data=4,-1,1,4,-8,3,1,3,4,-8,3,5,7,8,-8,3,9,11,12

[splat]
data=4,-1,1,4,-5,4,1,2,3,4,-5,4,5,6,7,8,-5,4,9,10,11,12

[explosion_cool]
data=6,-1,1,14,-3,16,1,2,3,4,5,6,7,8,9,10,11,12,13,14,15,16,-1,1,14,-3,12,17,18,19,20,21,22,23,24,25,26,27,28,-1,1,14,-3,12,29,30,31,32,33,34,35,36,37,38,39,40

[SFLIPPER2]
data=8,-1,1,9,-8,3,1,2,3,-1,1,9,-8,3,6,5,3,-1,1,9,-8,3,1,2,4,-1,1,9,-8,3,6,5,4

[SFLIPPER3]
data=12,-1,1,10,-8,3,7,2,5,-1,1,10,-8,3,8,2,5,-1,1,9,-8,3,1,2,3,-1,1,9,-8,3,6,5,3,-1,1,9,-8,3,1,2,4,-1,1,9,-8,3,6,5,4

[FLIPPER2]
data=8,-1,1,9,-8,3,4,2,1,-1,1,9,-8,3,5,3,1,-1,1,9,-8,3,6,2,1,-1,1,9,-8,3,7,3,1

[DROID]
data=7,-1,1,15,-5,4,1,2,4,3,-5,4,5,6,8,7,-4,2,1,5,-4,2,2,6,-4,2,3,7,-4,2,4,8

[mirror]
data=12,-1,1,7,-8,3,1,2,7,-1,1,3,-8,3,2,3,7,-1,1,2,-8,3,3,4,7,-1,1,1,-8,3,4,5,7,-1,1,2,-8,3,5,6,7,-1,1,3,-8,3,6,1,7

[ufo]
data=16,-1,1,1,-8,3,1,2,5,-1,1,5,-8,3,2,3,6,-1,1,5,-8,3,3,4,7,-1,1,1,-8,3,4,1,8,-1,1,2,-8,3,5,6,2,-1,1,8,-8,3,6,7,3,-1,1,8,-8,3,7,8,4,-1,1,2,-8,3,8,5,1

[futanker]
data=40,-1,1,8,-8,3,1,2,3,-1,1,8,-8,3,4,2,3,-1,1,7,-8,3,5,6,7,-1,1,7,-8,3,8,6,7,-1,1,6,-8,3,9,10,11,-1,1,6,-8,3,12,10,11,-1,1,5,-8,3,13,14,15,-1,1,5,-8,3,16,14,15,-1,1,4,-8,3,17,18,19,-1,1,4,-8,3,20,18,19,-1,1,8,-8,3,21,22,23,-1,1,8,-8,3,24,22,23,-1,1,7,-8,3,25,26,27,-1,1,7,-8,3,28,26,27,-1,1,6,-8,3,29,30,31,-1,1,6,-8,3,32,30,31,-1,1,5,-8,3,33,34,35,-1,1,5,-8,3,36,34,35,-1,1,4,-8,3,37,38,39,-1,1,4,-8,3,40,38,39

[putanker1]
aliases=putanker2,putanker3,putanker4,putanker5,putanker6
data=24,-1,1,15,-8,3,1,2,3,-1,1,15,-8,3,2,3,4,-1,1,15,-8,3,4,5,6,-1,1,15,-8,3,5,6,7,-1,1,15,-8,3,7,8,9,-1,1,15,-8,3,8,9,10,-1,1,15,-8,3,11,12,13,-1,1,15,-8,3,12,13,14,-1,1,15,-8,3,14,15,16,-1,1,15,-8,3,15,16,17,-1,1,15,-8,3,17,18,19,-1,1,15,-8,3,18,19,20

[refshot]
data=3,-1,1,14,-5,8,1,2,3,4,5,6,7,8,-5,8,9,10,11,12,13,14,15,16

[zap]
data=2,-1,1,4,-5,10,1,2,3,4,5,6,7,8,9,10

[score_250]
data=11,-1,1,6,-7,11,1,2,3,4,5,6,7,8,9,10,11,-7,10,12,13,14,15,16,17,18,19,20,21,-7,6,22,23,24,25,26,27,-7,6,28,29,30,31,32,33,-7,14,34,35,36,37,38,39,40,41,42,43,44,45,46,47,-7,4,48,49,50,51,-7,12,52,53,54,55,56,57,58,59,60,61,62,63,-7,5,64,65,66,67,68,-7,5,69,70,71,72,73,-7,8,74,75,76,77,78,79,80,81

[score_500]
data=12,-1,1,6,-7,6,1,2,3,4,5,6,-7,14,7,8,9,10,11,12,13,14,15,16,17,18,19,20,-7,4,21,22,23,24,-7,12,25,26,27,28,29,30,31,32,33,34,35,36,-7,5,37,38,39,40,41,-7,5,42,43,44,45,46,-7,8,47,48,49,50,51,52,53,54,-7,12,55,56,57,58,59,60,61,62,63,64,65,66,-7,5,67,68,69,70,71,-7,5,72,73,74,75,76,-7,8,77,78,79,80,81,82,83,84

[score_750]
data=9,-1,1,6,-7,11,1,2,3,4,5,6,7,8,9,10,11,-7,6,12,13,14,15,16,17,-7,14,18,19,20,21,22,23,24,25,26,27,28,29,30,31,-7,4,32,33,34,35,-7,12,36,37,38,39,40,41,42,43,44,45,46,47,-7,5,48,49,50,51,52,-7,5,53,54,55,56,57,-7,8,58,59,60,61,62,63,64,65

[score_1000]
data=14,-1,1,6,-7,11,1,2,3,4,5,6,7,8,9,10,11,-7,12,12,13,14,15,16,17,18,19,20,21,22,23,-7,5,24,25,26,27,28,-7,5,29,30,31,32,33,-7,8,34,35,36,37,38,39,40,41,-7,12,42,43,44,45,46,47,48,49,50,51,52,53,-7,5,54,55,56,57,58,-7,5,59,60,61,62,63,-7,8,64,65,66,67,68,69,70,71,-7,12,72,73,74,75,76,77,78,79,80,81,82,83,-7,5,84,85,86,87,88,-7,5,89,90,91,92,93,-7,8,94,95,96,97,98,99,100,101

[score_2000]
data=16,-1,1,6,-7,11,1,2,3,4,5,6,7,8,9,10,11,-7,10,12,13,14,15,16,17,18,19,20,21,-7,6,22,23,24,25,26,27,-7,12,28,29,30,31,32,33,34,35,36,37,38,39,-7,5,40,41,42,43,44,-7,5,45,46,47,48,49,-7,8,50,51,52,53,54,55,56,57,-7,12,58,59,60,61,62,63,64,65,66,67,68,69,-7,5,70,71,72,73,74,-7,5,75,76,77,78,79,-7,8,80,81,82,83,84,85,86,87,-7,12,88,89,90,91,92,93,94,95,96,97,98,99,-7,5,100,101,102,103,104,-7,5,105,106,107,108,109,-7,8,110,111,112,113,114,115,116,117

[score_1up]
data=8,-1,1,1,-7,11,1,2,3,4,5,6,7,8,9,10,11,-7,9,12,13,14,15,16,17,18,19,20,-7,8,21,22,23,24,25,26,27,28,-7,4,29,30,31,32,-7,8,33,34,35,36,37,38,39,40,-7,6,41,42,43,44,45,46,-7,6,47,48,49,50,51,52

[tanker_explosion]
data=6,-1,1,3,-3,8,1,2,3,4,5,6,7,8,-1,1,4,-3,12,9,10,11,12,13,14,15,16,17,18,19,20,-1,1,15,-3,20,21,22,23,24,25,26,27,28,29,30,31,32,33,34,35,36,37,38,39,40

[excellent]
data=14,-1,1,6,-7,12,1,2,3,4,5,6,7,8,9,10,11,12,-7,4,13,14,15,16,-7,4,17,18,19,20,-7,8,21,22,23,24,25,26,27,28,-7,12,29,30,31,32,33,34,35,36,37,38,39,40,-7,6,41,42,43,44,45,46,-7,6,47,48,49,50,51,52,-7,12,53,54,55,56,57,58,59,60,61,62,63,64,-7,4,65,66,67,68,-7,4,69,70,71,72,-7,4,73,74,75,76,-7,4,77,78,79,80,-7,4,81,82,83,84

[yes]
data=6,-1,1,4,-7,4,1,2,3,9,-7,4,4,5,6,3,-7,5,3,6,7,8,9,-7,12,10,11,12,13,14,15,16,17,18,19,20,21,-7,22,22,23,24,25,26,27,28,29,30,31,32,33,34,35,36,37,38,39,40,41,42,43
