[tanker]
data=13,0,0,-4,0,4,0,-16,-4,16,-4,-16,4,16,4,0,-4,0,4,4,-8,4,8,-4,-8,-4,8

[spiker]
data=12,0,-1,-1,0,-2,-1,-1,-3,2,-2,0,1,-2,1,-4,-2,-1,-5,4,-3,3,4,-4,5

[fuseball1]
data=20,-8,0,-4,-3,-4,-1,0,0,-3,-8,2,-5,0,-4,0,0,6,-5,5,0,4,-2,0,0,7,5,2,5,3,3,0,0,-2,8,-4,3,-2,4,0,0

[fuseball2]
data=20,-8,0,-4,3,-4,1,0,0,-3,-8,-4,-3,-2,-3,0,0,6,-5,1,-5,2,-3,0,0,7,5,5,0,4,1,0,0,-2,8,2,5,0,4,0,0

[pulsar1]
data=10,-9,0,-6,6,-6,4,-3,0,0,-6,0,-4,3,0,6,6,6,4,9,0

[pulsar2]
data=10,-9,0,-6,5,-6,3,-3,0,0,-5,0,-3,3,0,6,5,6,3,9,0

[pulsar3]
data=10,-9,0,-6,4,-6,2,-3,0,0,-4,0,-2,3,0,6,4,6,2,9,0

[pulsar4]
data=10,-9,0,-6,3,-6,1,-3,0,0,-3,0,-1,3,0,6,3,6,1,9,0

[pulsar5]
data=10,-9,0,-6,2,-6,0,-3,0,0,-2,0,0,3,0,6,2,6,0,9,0

[pulsar6]
data=10,-9,0,-6,1,-6,-1,-3,0,0,-1,0,1,3,0,6,1,6,-1,9,0

[beast1]
data=14,-12,-4,-4,-8,4,-8,12,-4,12,4,4,8,-4,8,-12,4,-8,-4,-4,-4,-4,0,8,-4,4,-4,4,0

[beast2]
data=8,-16,-20,-16,-8,-12,-12,-12,-4,-4,-8,8,4,4,4,4,16

[beast3]
data=8,16,-20,16,-8,12,-12,12,-4,4,-8,-8,4,-4,4,-4,16

[claw1]
data=8,-3,-3,6,9,12,6,12,0,3,-3,9,0,9,6,6,6

[claw2]
data=8,9,6,12,0,3,-3,9,0,9,3,-9,0,-3,-3,-12,0

[claw3]
data=8,3,6,12,0,3,-3,9,0,6,3,-9,0,-3,-3,-12,0

[claw4]
data=8,3,6,12,0,3,-3,9,0,3,3,-9,0,-3,-3,-12,0

[claw5]
data=8,-3,6,12,0,3,-3,9,0,-3,3,-9,0,-3,-3,-12,0

[claw6]
data=8,-6,6,12,0,3,-3,9,0,-6,3,-9,0,-3,-3,-12,0

[claw7]
data=8,-9,6,12,0,3,-3,9,0,-9,3,-9,0,-3,-3,-12,0

[claw8]
data=8,-12,3,-6,9,3,-3,-6,6,-9,6,-9,0,-3,-3,-12,0

[pshot]
data=4,0,-3,2,0,0,2,-2,0

[explosion_hot]
data=40,-32,0,-30,-12,-23,-23,-12,-30,0,-32,12,-30,23,-23,30,-12,32,0,30,12,23,23,12,30,0,32,-12,30,-23,23,-30,12,-62,-17,-45,-45,-17,-62,17,-62,45,-45,62,-17,62,17,45,45,17,62,-17,62,-45,45,-62,17,-127,0,-110,-64,-64,-110,0,-127,63,-110,110,-63,127,0,110,64,64,110,0,127,-64,110,-110,64

[ring]
data=8,10,0,7,7,0,10,-7,7,-10,0,-7,-7,0,-10,7,-7

[powerup]
data=6,-2,0,3,-8,3,0,4,0,0,8,0,0

[laser]
data=16,4,0,5,0,4,1,5,1,0,4,1,4,0,5,1,5,-4,0,-3,0,-4,1,-3,1,0,-4,1,-4,0,-3,1,-3

[eshot]
data=12,-8,0,-5,0,-4,-1,-4,1,4,-7,2,-4,3,-3,1,-4,4,7,3,4,1,4,3,3

[splat]
data=12,-7,-4,-7,4,-1,0,5,0,7,-4,0,-8,1,-1,-2,4,0,8,7,4,0,1,-3,-4

[explosion_cool]
data=40,-32,0,-30,-12,-23,-23,-12,-30,0,-32,12,-30,23,-23,30,-12,32,0,30,12,23,23,12,30,0,32,-12,30,-23,23,-30,12,-62,-17,-45,-45,-17,-62,17,-62,45,-45,62,-17,62,17,45,45,17,62,-17,62,-45,45,-62,17,-127,0,-110,-64,-64,-110,0,-127,63,-110,110,-63,127,0,110,64,64,110,0,127,-64,110,-110,64

[SFLIPPER2]
data=6,-8,0,-4,0,0,-4,0,4,4,0,8,0

[SFLIPPER3]
data=8,-8,0,-4,0,0,-4,0,4,4,0,8,0,0,-6,0,6

[FLIPPER2]
data=7,0,0,-4,0,4,0,-8,-9,8,-9,-8,9,8,9

[DROID]
data=8,0,2,8,4,0,-6,8,-4,-8,4,0,6,-8,-4,0,-2

[mirror]
data=7,-7,-4,1,-8,7,-4,7,4,1,8,-7,4,1,0

[ufo]
data=8,-8,-8,8,-8,8,8,-8,8,-4,-4,4,-4,4,4,-4,4

[futanker]
data=40,-8,0,-4,-3,-4,-1,0,0,-3,-8,2,-5,0,-4,0,0,6,-5,5,0,4,-2,0,0,7,5,2,5,3,3,0,0,-2,8,-4,3,-2,4,0,0,-8,0,-4,3,-4,1,0,0,-3,-8,-4,-3,-2,-3,0,0,6,-5,1,-5,2,-3,0,0,7,5,5,0,4,1,0,0,-2,8,2,5,0,4,0,0

[putanker1]
data=20,-9,0,-6,6,-6,4,-3,0,0,-6,0,-4,3,0,6,6,6,4,9,0,9,0,6,-6,6,-4,3,0,0,6,0,4,-3,0,-6,-6,-6,-4,-9,0

[putanker2]
data=20,-9,0,-6,5,-6,3,-3,0,0,-5,0,-3,3,0,6,5,6,3,9,0,9,0,6,-5,6,-3,3,0,0,5,0,3,-3,0,-6,-5,-6,-3,-9,0

[putanker3]
data=20,-9,0,-6,4,-6,2,-3,0,0,-4,0,-2,3,0,6,4,6,2,9,0,9,0,6,-4,6,-2,3,0,0,4,0,2,-3,0,-6,-4,-6,-2,-9,0

[putanker4]
data=20,-9,0,-6,3,-6,1,-3,0,0,-3,0,-1,3,0,6,3,6,1,9,0,9,0,6,-3,6,-1,3,0,0,3,0,1,-3,0,-6,-3,-6,-1,-9,0

[putanker5]
data=20,-9,0,-6,2,-6,0,-3,0,0,-2,0,0,3,0,6,2,6,0,9,0,9,0,6,-2,6,0,3,0,0,2,0,0,-3,0,-6,-2,-6,0,-9,0

[putanker6]
data=20,-9,0,-6,1,-6,-1,-3,0,0,-1,0,1,3,0,6,1,6,-1,9,0,9,0,6,-1,6,1,3,0,0,1,0,-1,-3,0,-6,-1,-6,1,-9,0

[refshot]
data=16,8,0,6,6,0,8,-6,6,-8,0,-6,-6,0,-8,6,-6,4,0,3,3,0,4,-3,3,-4,0,-3,-3,0,-4,3,-3

[zap]
data=10,-6,-6,-1,-2,5,-6,3,-1,7,3,2,2,1,7,-2,2,-6,4,-3,-1

[score_250]
data=81,-20,-8,-18,-10,-12,-10,-9,-8,-9,-4,-12,-3,-12,-5,-13,-7,-17,-7,-19,-5,-21,-6,-12,-5,-9,-4,-10,0,-13,3,-17,5,-19,8,-21,7,-20,4,-16,1,-13,-1,-20,6,-17,7,-9,7,-9,10,-21,10,-21,7,-5,-10,6,-10,5,-7,-2,-7,-3,-3,-6,-3,-5,-4,3,-4,6,-2,6,6,4,9,-3,10,-6,8,-4,6,-2,7,2,6,3,4,3,1,2,-1,-4,-1,-6,-9,-2,-8,-3,-2,-6,-1,11,-10,19,-10,21,-8,21,-5,19,-4,18,-6,17,-7,13,-7,11,-6,10,-4,9,-5,9,-8,9,-7,12,-6,12,6,10,8,9,7,18,-6,21,-7,21,7,20,8,18,6,10,6,12,7,18,7,20,6,21,8,19,10,11,10,9,8

[score_500]
data=84,-20,-10,-9,-10,-10,-7,-17,-7,-18,-3,-21,-3,-20,-4,-12,-4,-9,-2,-9,6,-11,9,-18,10,-21,8,-19,6,-17,7,-13,6,-12,4,-12,1,-13,-1,-19,-1,-21,-9,-17,-8,-18,-2,-21,-1,-4,-10,4,-10,6,-8,6,-5,4,-4,3,-6,2,-7,-2,-7,-4,-6,-5,-4,-6,-5,-6,-8,-6,-7,-3,-6,-3,6,-5,8,-6,7,3,-6,6,-7,6,7,5,8,3,6,-5,6,-3,7,3,7,5,6,6,8,4,10,-4,10,-6,8,11,-10,19,-10,21,-8,21,-5,19,-4,18,-6,17,-7,13,-7,11,-6,10,-4,9,-5,9,-8,9,-7,12,-6,12,6,10,8,9,7,18,-6,21,-7,21,7,20,8,18,6,10,6,12,7,18,7,20,6,21,8,19,10,11,10,9,8

[score_750]
data=65,-21,-10,-9,-10,-9,-7,-12,-4,-15,1,-17,8,-19,10,-20,8,-18,0,-14,-7,-20,-7,-5,-10,6,-10,5,-7,-2,-7,-3,-3,-6,-3,-5,-4,3,-4,6,-2,6,6,4,9,-3,10,-6,8,-4,6,-2,7,2,6,3,4,3,1,2,-1,-4,-1,-6,-9,-2,-8,-3,-2,-6,-1,11,-10,19,-10,21,-8,21,-5,19,-4,18,-6,17,-7,13,-7,11,-6,10,-4,9,-5,9,-8,9,-7,12,-6,12,6,10,8,9,7,18,-6,21,-7,21,7,20,8,18,6,10,6,12,7,18,7,20,6,21,8,19,10,11,10,9,8

[score_1000]
data=101,-27,-6,-23,-10,-19,-10,-19,7,-16,8,-17,10,-25,10,-26,8,-23,7,-23,-5,-25,-3,-11,-10,-3,-10,-1,-8,-1,-5,-3,-4,-4,-6,-5,-7,-9,-7,-11,-6,-12,-4,-13,-5,-13,-8,-13,-7,-10,-6,-10,6,-12,8,-13,7,-4,-6,-1,-7,-1,7,-2,8,-4,6,-12,6,-10,7,-4,7,-2,6,-1,8,-3,10,-11,10,-13,8,4,-10,12,-10,14,-8,14,-5,12,-4,11,-6,10,-7,6,-7,4,-6,3,-4,2,-5,2,-8,2,-7,5,-6,5,6,3,8,2,7,11,-6,14,-7,14,7,13,8,11,6,3,6,5,7,11,7,13,6,14,8,12,10,4,10,2,8,19,-10,27,-10,29,-8,29,-5,27,-4,26,-6,25,-7,21,-7,19,-6,18,-4,17,-5,17,-8,17,-7,20,-6,20,6,18,8,17,7,26,-6,29,-7,29,7,28,8,26,6,18,6,20,7,26,7,28,6,29,8,27,10,19,10,17,8

[score_2000]
data=117,-27,-8,-25,-10,-19,-10,-16,-8,-16,-4,-19,-3,-19,-5,-20,-7,-24,-7,-26,-5,-28,-6,-19,-5,-16,-4,-17,0,-20,3,-24,5,-26,8,-28,7,-27,4,-23,1,-20,-1,-27,6,-24,7,-16,7,-16,10,-28,10,-28,7,-11,-10,-3,-10,-1,-8,-1,-5,-3,-4,-4,-6,-5,-7,-9,-7,-11,-6,-12,-4,-13,-5,-13,-8,-13,-7,-10,-6,-10,6,-12,8,-13,7,-4,-6,-1,-7,-1,7,-2,8,-4,6,-12,6,-10,7,-4,7,-2,6,-1,8,-3,10,-11,10,-13,8,4,-10,12,-10,14,-8,14,-5,12,-4,11,-6,10,-7,6,-7,4,-6,3,-4,2,-5,2,-8,2,-7,5,-6,5,6,3,8,2,7,11,-6,14,-7,14,7,13,8,11,6,3,6,5,7,11,7,13,6,14,8,12,10,4,10,2,8,19,-10,27,-10,29,-8,29,-5,27,-4,26,-6,25,-7,21,-7,19,-6,18,-4,17,-5,17,-8,17,-7,20,-6,20,6,18,8,17,7,26,-6,29,-7,29,7,28,8,26,6,18,6,20,7,26,7,28,6,29,8,27,10,19,10,17,8

[score_1up]
data=52,-33,-11,-27,-20,-17,-20,-17,13,-11,16,-10,20,-32,20,-33,16,-27,13,-27,-7,-31,-7,-17,-12,-9,-12,-9,7,-7,10,-4,10,-4,17,-9,17,-14,14,-17,8,-4,10,-2,7,-2,-12,6,-12,6,8,3,14,-1,17,-4,17,6,-12,14,-12,14,20,6,20,12,-12,25,-12,30,-9,33,-4,27,-2,25,-5,22,-6,12,-6,33,-4,33,5,30,10,26,5,27,2,27,-2,30,10,25,13,12,13,12,7,23,7,26,5

[tanker_explosion]
data=40,18,0,13,13,0,18,-13,13,-18,0,-13,-13,0,-18,13,-13,54,8,43,34,20,51,-8,54,-34,43,-51,20,-54,-8,-43,-34,-20,-51,8,-54,34,-43,51,-20,105,5,98,37,82,66,57,88,27,101,-5,105,-37,98,-66,82,-88,57,-101,27,-105,-5,-98,-37,-82,-66,-57,-88,-27,-101,5,-105,37,-98,66,-82,88,-57,101,-27

[excellent]
data=84,-32,-7,-26,-7,-26,-4,-30,-4,-30,-2,-27,-2,-27,1,-30,1,-30,4,-26,4,-26,7,-32,7,-25,-7,-23,-7,-19,7,-20,7,-20,-7,-19,-7,-23,7,-25,7,-11,-7,-17,-7,-17,7,-11,7,-11,4,-16,4,-16,-4,-11,-4,-10,-7,-4,-7,-4,-4,-8,-4,-8,-2,-5,-2,-5,1,-8,1,-8,4,-4,4,-4,7,-10,7,-3,-7,-1,-7,-1,4,3,4,3,7,-3,7,4,-7,6,-7,6,4,10,4,10,7,4,7,11,-7,17,-7,17,-4,13,-4,13,-2,16,-2,16,1,13,1,13,4,17,4,17,7,11,7,19,-7,20,-7,20,7,19,7,20,-7,22,-7,25,7,23,7,23,-7,25,-7,25,7,23,7,26,-7,32,-7,32,-4,26,-4,28,-5,30,-5,30,7,28,7

[yes]
data=43,-11,-7,-9,-7,-7,0,-6,-7,-4,-7,-6,1,-6,7,-8,7,-8,1,-2,-7,3,-7,3,-4,0,-4,0,-2,2,-2,2,1,0,1,0,4,3,4,3,7,-2,7,6,-7,10,-7,11,-6,11,-4,8,-4,7,-3,7,-2,8,-1,10,-1,11,0,11,5,10,7,6,7,5,6,5,4,8,4,9,3,9,2,8,1,6,1,5,0,5,-5
