[char_a]
data=3,-1,1,10,-4,3,1,2,3,-4,2,4,5

[char_b]
data=3,-1,1,10,-4,7,1,2,3,4,5,6,7,-4,6,7,8,9,10,11,12

[char_c]
data=2,-1,1,10,-4,4,1,2,3,4

[char_d]
data=2,-1,1,10,-4,7,1,2,3,4,5,6,7

[char_e]
data=3,-1,1,10,-4,4,1,2,3,4,-4,2,5,6

[char_f]
data=4,-1,1,10,-4,2,1,2,-4,2,1,3,-4,2,4,5

[char_g]
data=2,-1,1,10,-4,6,1,2,3,4,5,6

[char_h]
data=4,-1,1,10,-4,2,1,2,-4,2,3,4,-4,2,5,6

[char_i]
data=4,-1,1,10,-4,2,1,2,-4,2,3,4,-4,2,5,6

[char_j]
data=2,-1,1,10,-4,6,1,2,3,4,5,6

[char_k]
data=3,-1,1,10,-4,2,1,2,-4,3,3,4,5

[char_l]
data=2,-1,1,10,-4,3,1,2,3

[char_m]
data=2,-1,1,10,-4,5,1,2,3,4,5

[char_n]
data=2,-1,1,10,-4,4,1,2,3,4

[char_o]
data=2,-1,1,10,-5,4,1,2,3,4

[char_p]
data=2,-1,1,10,-4,7,1,2,3,4,5,6,7

[char_q]
data=3,-1,1,10,-5,4,1,2,3,4,-4,2,5,6

[char_r]
data=3,-1,1,10,-4,7,1,2,3,4,5,6,7,-4,2,8,9

[char_s]
data=2,-1,1,10,-4,6,1,2,3,4,5,6

[char_t]
data=3,-1,1,10,-4,2,1,2,-4,2,3,4

[char_u]
data=2,-1,1,10,-4,6,1,2,3,4,5,6

[char_v]
data=2,-1,1,10,-4,3,1,2,3

[char_w]
data=2,-1,1,10,-4,5,1,2,3,4,5

[char_x]
data=3,-1,1,10,-4,2,1,2,-4,2,3,4

[char_y]
data=3,-1,1,10,-4,3,1,2,3,-4,2,2,4

[char_z]
data=2,-1,1,10,-4,4,1,2,3,4

[char_exclamation]
data=3,-1,1,10,-4,2,1,2,-3,1,3

[char_1]
data=3,-1,1,10,-4,3,1,2,3,-4,2,4,5

[char_2]
data=2,-1,1,10,-4,7,1,2,3,4,5,6,7

[char_3]
data=3,-1,1,10,-4,6,1,2,3,4,5,6,-4,5,7,8,9,10,11

[char_4]
data=3,-1,1,10,-4,3,1,2,3,-4,2,3,4

[char_5]
data=2,-1,1,10,-4,8,1,2,3,4,5,6,7,8

[char_6]
data=2,-1,1,10,-4,11,1,2,3,4,5,6,7,8,9,10,11

[char_7]
data=2,-1,1,10,-4,3,1,2,3

[char_8]
data=3,-1,1,10,-5,8,1,2,3,4,5,6,7,8,-5,8,9,10,11,12,13,14,15,16

[char_9]
data=2,-1,1,10,-4,10,1,2,3,4,5,6,7,8,9,10

[char_0]
data=3,-1,1,10,-5,8,1,2,3,4,5,6,7,8,-4,2,6,2

[tempest_logo1]
data=30,-1,1,7,-7,3,47,1,2,-7,4,2,3,4,5,-7,3,47,2,6,-7,3,8,9,10,-7,3,7,8,10,-7,3,6,7,10,-7,4,47,6,10,42,-7,4,11,12,13,39,-7,4,15,16,17,35,-7,3,25,26,27,-7,4,24,25,27,28,-7,3,24,28,29,-7,4,23,24,29,30,-7,4,22,23,30,31,-7,4,21,22,31,32,-7,4,20,21,32,33,-7,4,19,20,33,34,-7,3,18,19,34,-7,4,17,18,34,35,-7,3,15,35,36,-7,3,14,15,36,-7,4,13,14,36,37,-7,3,13,37,38,-7,3,13,38,39,-7,3,11,39,40,-7,4,10,11,40,41,-7,3,10,41,42,-7,3,47,42,43,-7,4,47,44,45,46

[tempest_logo2]
data=7,-1,1,7,-7,4,4,5,6,3,-7,4,3,6,7,2,-7,3,2,7,8,-7,4,9,12,1,2,-7,3,12,9,10,-7,3,10,11,12

[tempest_logo3]
data=15,-1,1,7,-7,3,24,1,2,-7,4,24,2,3,4,-7,4,24,4,5,22,-7,4,7,8,9,10,-7,3,6,7,10,-7,4,6,10,11,19,-7,4,13,14,15,16,-7,3,13,16,17,-7,4,12,13,17,18,-7,4,11,12,18,19,-7,3,19,20,21,-7,3,6,19,21,-7,4,5,6,21,22,-7,3,22,23,24

[tempest_logo4]
data=8,-1,1,7,-7,3,12,1,2,-7,3,5,6,7,-7,3,4,5,7,-7,4,3,4,7,8,-7,4,2,3,8,9,-7,4,12,2,9,10,-7,3,10,11,12

[tempest_logo5]
data=8,-1,1,7,-7,4,13,1,2,3,-7,3,13,3,4,-7,3,7,8,9,-7,4,6,7,9,10,-7,4,5,6,10,11,-7,3,4,5,11,-7,4,13,4,11,12

[tempest_logo6]
data=12,-1,1,7,-7,4,18,1,2,17,-7,4,5,6,7,12,-7,4,7,8,9,11,-7,3,9,10,11,-7,3,7,11,12,-7,3,5,12,13,-7,3,4,5,13,-7,4,3,4,13,14,-7,3,3,14,15,-7,4,2,3,15,16,-7,3,2,16,17

[tempest_logo7]
data=3,-1,1,7,-1,1,0,-7,5,1,2,3,4,5

[tempest_logo8]
data=3,-1,1,7,-1,1,0,-7,4,1,2,3,4
