[char_a]
data=5,-2,3,0,-3,2,3,-1,0,1,0

[char_b]
data=12,-2,-3,-2,3,1,3,2,2,2,1,1,0,-2,0,1,0,2,-1,2,-2,1,-3,-2,-3

[char_c]
data=4,2,-3,-2,-3,-2,3,2,3

[char_d]
data=7,-2,-3,-2,3,1,3,2,2,2,-2,1,-3,-2,-3

[char_e]
data=6,2,-3,-2,-3,-2,3,2,3,-2,0,1,0

[char_f]
data=5,-2,-3,-2,3,2,-3,-2,0,1,0

[char_g]
data=6,2,-3,-2,-3,-2,3,2,3,2,0,0,0

[char_h]
data=6,-2,-3,-2,3,2,-3,2,3,-2,0,2,0

[char_i]
data=6,-2,-3,2,-3,0,-3,0,3,-2,3,2,3

[char_j]
data=6,-2,-3,2,-3,2,2,1,3,-1,3,-2,2

[char_k]
data=5,-2,-3,-2,3,2,-3,-2,0,2,3

[char_l]
data=3,-2,-3,-2,3,2,3

[char_m]
data=5,-2,3,-2,-3,0,0,2,-3,2,3

[char_n]
data=4,-2,3,-2,-3,2,3,2,-3

[char_o]
data=4,-2,-3,2,-3,2,3,-2,3

[char_p]
data=7,-2,3,-2,-3,1,-3,2,-2,2,-1,1,0,-2,0

[char_q]
data=6,-2,-3,2,-3,2,3,-2,3,0,1,2,3

[char_r]
data=9,-2,3,-2,-3,1,-3,2,-2,2,-1,1,0,-2,0,-1,0,2,3

[char_s]
data=6,2,-3,-2,-3,-2,0,2,0,2,3,-2,3

[char_t]
data=4,-2,-3,2,-3,0,-3,0,3

[char_u]
data=6,-2,-3,-2,2,-1,3,1,3,2,2,2,-3

[char_v]
data=3,-2,-3,0,3,2,-3

[char_w]
data=5,-2,-3,-1,3,0,0,1,3,2,-3

[char_x]
data=4,-2,-3,2,3,2,-3,-2,3

[char_y]
data=4,-2,-3,0,0,2,-3,0,3

[char_z]
data=4,-2,-3,2,-3,-2,3,2,3

[char_exclamation]
data=3,0,-3,0,1,0,3

[char_1]
data=5,-1,-2,0,-3,0,3,-1,3,1,3

[char_2]
data=7,-2,-2,-1,-3,1,-3,2,-2,2,-1,-2,3,2,3

[char_3]
data=11,-2,-3,1,-3,2,-2,2,-1,1,0,-1,0,1,0,2,1,2,2,1,3,-2,3

[char_4]
data=4,1,3,1,-3,-2,1,2,1

[char_5]
data=8,2,-3,-2,-3,-2,0,1,0,2,1,2,2,1,3,-2,3

[char_6]
data=11,2,-2,1,-3,-1,-3,-2,-2,-2,2,-1,3,1,3,2,2,2,1,1,0,-2,0

[char_7]
data=3,-2,-3,2,-3,-1,3

[char_8]
data=16,-1,-3,1,-3,2,-2,2,-1,1,0,-1,0,-2,-1,-2,-2,-1,0,1,0,2,1,2,2,1,3,-1,3,-2,2,-2,1

[char_9]
data=10,2,0,-1,0,-2,-1,-2,-2,-1,-3,1,-3,2,-2,2,2,1,3,-1,3

[char_0]
data=8,-1,-3,1,-3,2,-2,2,2,1,3,-1,3,-2,2,-2,-2

[tempest_logo1]
data=47,109,0,109,11,120,11,115,15,109,15,109,31,110,36,114,37,120,33,111,46,99,55,75,55,72,54,66,48,64,42,64,28,65,30,68,30,71,28,72,24,70,19,66,18,63,20,62,24,62,45,64,49,60,55,58,55,59,24,57,19,66,15,72,16,75,22,73,31,65,39,65,44,69,49,79,53,89,54,98,52,105,46,108,41,105,34,105,15,101,14,100,12,105,8

[tempest_logo2]
data=12,99,13,14,14,15,38,18,44,23,49,15,45,11,40,10,14,0,14,9,9,14,0,14,11

[tempest_logo3]
data=24,56,49,56,40,52,34,53,25,52,20,50,20,48,23,47,40,45,33,45,21,42,20,40,22,40,32,44,37,46,42,42,37,35,33,36,21,40,15,43,15,47,18,52,15,56,17,56,22

[tempest_logo4]
data=12,35,22,21,28,23,31,27,33,31,32,35,30,30,35,22,35,17,30,17,23,22,18,29,18

[tempest_logo5]
data=13,86,17,90,19,92,22,80,28,80,29,85,33,89,32,92,29,89,34,82,35,77,31,76,24,80,18

[tempest_logo6]
data=18,76,39,88,41,97,37,99,33,99,30,93,22,93,18,97,15,103,16,104,22,100,17,97,19,104,29,103,34,100,38,96,41,90,42,82,41

[tempest_logo7]
data=5,20,26,30,22,27,20,24,21,21,23

[tempest_logo8]
data=4,79,26,87,21,85,20,82,21
