[web1]
data=2,-1,1,11,-4,12,1,2,3,4,5,6,7,8,9,10,11,12

[web2]
data=2,-1,1,11,-4,16,1,2,3,4,5,6,7,8,9,10,11,12,13,14,15,16

[web3]
data=2,-1,1,11,-4,16,1,2,3,4,5,6,7,8,9,10,11,12,13,14,15,16

[web4]
data=2,-1,1,11,-5,16,1,2,3,4,5,6,7,8,9,10,11,12,13,14,15,16

[web5]
data=2,-1,1,11,-5,16,1,2,3,4,5,6,7,8,9,10,11,12,13,14,15,16

[web6]
data=2,-1,1,11,-4,16,1,2,3,4,5,6,7,8,9,10,11,12,13,14,15,16

[web7]
data=2,-1,1,11,-5,16,1,2,3,4,5,6,7,8,9,10,11,12,13,14,15,16

[web8]
data=2,-1,1,11,-5,16,1,2,3,4,5,6,7,8,9,10,11,12,13,14,15,16

[web9]
data=2,-1,1,11,-5,18,1,2,3,4,5,6,7,8,9,10,11,12,13,14,15,16,17,18

[web10]
data=2,-1,1,11,-5,16,1,2,3,4,5,6,7,8,9,10,11,12,13,14,15,16

[web11]
data=2,-1,1,11,-5,16,1,2,3,4,5,6,7,8,9,10,11,12,13,14,15,16

[web12]
data=2,-1,1,11,-4,15,1,2,3,4,5,6,7,8,9,10,11,12,13,14,15

[web13]
data=2,-1,1,11,-4,15,1,2,3,4,5,6,7,8,9,10,11,12,13,14,15

[web14]
data=2,-1,1,11,-4,14,1,2,3,4,5,6,7,8,9,10,11,12,13,14

[web15]
data=2,-1,1,11,-5,18,1,2,3,4,5,6,7,8,9,10,11,12,13,14,15,16,17,18

[web16]
data=2,-1,1,11,-4,16,1,2,3,4,5,6,7,8,9,10,11,12,13,14,15,16

[web17]
data=2,-1,1,11,-4,13,1,2,3,4,5,6,7,8,9,10,11,12,13

[web18]
data=2,-1,1,11,-5,14,1,2,3,4,5,6,7,8,9,10,11,12,13,14

[web19]
data=2,-1,1,11,-4,15,1,2,3,4,5,6,7,8,9,10,11,12,13,14,15

[web20]
data=2,-1,1,11,-4,14,1,2,3,4,5,6,7,8,9,10,11,12,13,14

[web21]
data=2,-1,1,11,-5,8,1,2,3,4,5,6,7,8

[web22]
data=2,-1,1,11,-5,12,1,2,3,4,5,6,7,8,9,10,11,12

[web23]
data=2,-1,1,11,-4,16,1,2,3,4,5,6,7,8,9,10,11,12,13,14,15,16

[web24]
data=2,-1,1,11,-5,18,1,2,3,4,5,6,7,8,9,10,11,12,13,14,15,16,17,18

[web25]
data=2,-1,1,11,-4,13,1,2,3,4,5,6,7,8,9,10,11,12,13

[web26]
data=2,-1,1,11,-5,16,1,2,3,4,5,6,7,8,9,10,11,12,13,14,15,16

[web27]
data=2,-1,1,11,-5,15,1,2,3,4,5,6,7,8,9,10,11,12,13,14,15

[web28]
data=2,-1,1,11,-4,13,1,2,3,4,5,6,7,8,9,10,11,12,13

[web29]
data=2,-1,1,11,-5,15,1,2,3,4,5,6,7,8,9,10,11,12,13,14,15

[web30]
data=2,-1,1,11,-4,14,1,2,3,4,5,6,7,8,9,10,11,12,13,14

[web31]
data=2,-1,1,11,-4,18,1,2,3,4,5,6,7,8,9,10,11,12,13,14,15,16,17,18

[web32]
data=2,-1,1,11,-4,13,1,2,3,4,5,6,7,8,9,10,11,12,13

[web33]
data=2,-1,1,11,-5,16,1,2,3,4,5,6,7,8,9,10,11,12,13,14,15,16

[web34]
data=2,-1,1,11,-5,15,1,2,3,4,5,6,7,8,9,10,11,12,13,14,15

[web35]
data=2,-1,1,11,-4,15,1,2,3,4,5,6,7,8,9,10,11,12,13,14,15

[web36]
data=2,-1,1,11,-5,13,1,2,3,4,5,6,7,8,9,10,11,12,13

[web37]
data=2,-1,1,11,-4,16,1,2,3,4,5,6,7,8,9,10,11,12,13,14,15,16
