
[web1]
data=11,5,0,0,0,0,0,0,0,0,0,0,0,0

[web2]
data=15,7,0,48,48,48,48,48,48,48,0,-48,-48,-48,-48,-48,-48,-48

[web3]
data=15,7,0,64,64,64,48,32,16,0,0,0,-16,-32,-48,-64,-64,-64

[web4]
data=16,7,-1,-80,112,80,16,112,48,16,-48,48,-16,-48,-112,-16,-80,-112,80

[web5]
data=16,7,-1,112,96,80,64,48,32,16,0,-16,-32,-48,-64,-80,-96,-112,-128

[web6]
data=15,6,0,48,48,48,48,48,48,0,-48,-48,0,-48,-48,-48,-48,-48

[web9]
data=18,8,-1,80,80,80,80,80,80,0,0,0,0,0,0,-80,-80,-80,-80,-80,-80

[web10]
data=16,7,-1,64,96,128,64,0,32,64,0,-64,-32,0,-64,128,-96,-64,128

[web11]
data=16,5,-1,64,64,64,64,0,0,0,0,-64,-64,-64,-64,128,128,128,128

[web14]
data=13,7,0,-48,-48,-48,-48,-32,-16,0,16,32,48,48,48,48

[web16]
data=15,7,0,96,64,32,0,48,48,48,0,-48,-48,-48,0,-32,-64,-96

[web17]
data=12,6,0,112,80,80,48,16,16,0,-16,-48,-48,-48,-48

[web18]
data=14,8,-1,128,128,112,96,80,64,64,0,0,-16,-32,-48,-64,-64

[web19]
data=14,5,0,64,64,64,64,32,0,-16,-16,-16,-16,-16,-16,-16,-48

[web20]
data=13,6,0,-112,-64,-64,-32,-16,-16,-16,-32,-48,-48,-48,-16,0

[web21]
data=8,3,-1,96,64,32,0,-32,-64,-96,128

[web22]
data=12,3,-1,96,112,16,32,48,-48,-32,-16,-112,-96,-80,80

[web23]
data=15,3,0,48,16,16,0,-16,-32,-48,-64,-80,-80,-112,128,96,64,16

[web24]
data=18,4,-1,64,48,16,16,0,0,-16,-16,-48,-64,-80,-112,-112,128,128,112,112,80

[web25]
data=12,9,0,64,80,96,96,80,64,48,32,16,0,-16,-32

[web26]
data=16,6,-1,64,80,112,128,0,16,48,64,-64,-48,-16,0,128,-112,-80,-64

[web27]
data=15,7,-1,96,96,96,48,48,48,0,0,0,-48,-48,-48,-96,-96,-96

[web28]
data=12,5,0,-48,-16,-16,-16,-32,-48,48,32,16,16,16,48

[web29]
data=15,2,-1,0,0,0,0,0,0,-64,-80,-96,-112,128,112,96,80,64

[web30]
data=13,8,0,64,64,64,64,48,32,16,0,0,0,-16,0,16

[web31]
data=17,3,0,-32,64,64,-48,-48,-48,-48,-48,-96,112,112,112,112,112,0,0,96

[web32]
data=12,4,0,80,64,48,16,0,-16,80,64,48,16,0,-16

[web33]
data=16,7,-1,112,-96,80,112,16,48,32,0,0,-32,-48,-16,-112,-80,96,112

[web34]
data=15,7,-1,64,80,96,80,64,48,16,0,-16,-48,-64,-80,-96,-80,-64

[web35]
data=14,10,0,64,48,64,48,64,48,64,48,64,48,0,-16,0,-16

[web36]
data=13,3,-1,48,16,16,0,-16,-16,-48,-112,128,112,-112,128,112

[web37]
data=15,2,0,96,32,0,-16,-16,-16,-48,-64,-80,-112,-112,-112,128,96,32
