[web1]
data=12,-3,16,-1,16,1,16,3,16,5,16,7,16,9,16,11,16,13,16,15,16,17,16,19,16

[web2]
data=16,1,1,2,3,3,5,4,7,5,9,6,11,7,13,8,15,10,15,11,13,12,11,13,9,14,7,15,5,16,3,17,1

[web3]
data=16,1,1,1,3,1,5,1,7,2,9,4,11,6,12,8,12,10,12,12,12,14,11,16,9,17,7,17,5,17,3,17,1

[web4]
data=16,8,6,7,4,5,5,4,7,6,8,4,9,5,11,7,12,8,10,9,12,11,11,12,9,10,8,12,7,11,5,9,4

[web5]
data=16,7,2,5,3,3,5,2,7,2,9,3,11,5,13,7,14,9,14,11,13,13,11,14,9,14,7,13,5,11,3,9,2

[web6]
data=16,1,3,2,5,3,7,4,9,5,11,6,13,7,15,9,15,10,13,11,11,13,11,14,9,15,7,16,5,17,3,18,1

[web9]
data=18,8,1,7,3,6,5,5,7,4,9,3,11,2,13,4,13,6,13,8,13,10,13,12,13,14,13,13,11,12,9,11,7,10,5,9,3

[web10]
data=16,7,3,7,5,5,7,3,7,3,9,5,9,7,11,7,13,9,13,9,11,11,9,13,9,13,7,11,7,9,5,9,3

[web11]
data=16,4,4,4,6,4,8,4,10,4,12,6,12,8,12,10,12,12,12,12,10,12,8,12,6,12,4,10,4,8,4,6,4

[web14]
data=14,1,15,2,13,3,11,4,9,5,7,7,5,9,4,11,4,13,5,15,7,16,9,17,11,18,13,19,15

[web16]
data=16,1,4,-1,6,-1,8,1,10,3,10,4,12,5,14,6,16,8,16,9,14,10,12,11,10,13,10,15,8,15,6,13,4

[web17]
data=13,6,1,4,2,3,4,2,6,3,8,5,9,7,10,9,10,11,9,12,7,13,5,14,3,15,1

[web18]
data=14,12,3,10,3,8,3,6,4,4,6,3,8,3,10,3,12,5,12,7,12,9,11,11,9,12,7,12,5

[web19]
data=15,-3,3,-3,5,-3,7,-3,9,-3,11,-1,13,1,13,3,12,5,11,7,10,9,9,11,8,13,7,15,6,16,4

[web20]
data=14,-1,16,-3,15,-3,13,-3,11,-1,9,1,8,3,7,5,6,7,4,8,2,9,0,10,-2,12,-3,14,-3

[web21]
data=8,7,5,5,7,5,9,7,11,9,11,11,9,11,7,9,5

[web22]
data=12,7,5,5,7,3,8,5,9,7,11,8,13,9,11,11,9,13,8,11,7,9,5,8,3

[web23]
data=16,1,9,2,11,4,12,6,13,8,13,10,12,12,10,13,8,13,6,12,4,11,2,9,1,7,1,5,3,5,5,7,6

[web24]
data=18,1,8,1,10,2,12,4,13,6,14,8,14,10,14,12,13,14,12,15,10,15,8,14,6,12,5,10,4,8,4,6,4,4,5,2,6

[web25]
data=13,8,-3,8,-1,7,1,5,3,3,5,2,7,2,9,3,11,5,13,7,14,9,14,11,13,13,11

[web26]
data=16,8,3,8,5,7,7,5,8,3,8,5,8,7,9,8,11,8,13,8,11,9,9,11,8,13,8,11,8,9,7,8,5

[web27]
data=15,8,2,6,4,4,6,2,8,3,10,4,12,5,14,7,14,9,14,11,14,12,12,13,10,14,8,12,6,10,4

[web28]
data=13,-2,8,-1,6,1,5,3,4,5,3,7,1,8,-1,9,1,11,3,13,4,15,5,17,6,18,8

[web29]
data=15,2,12,4,12,6,12,8,12,10,12,12,12,14,12,14,10,13,8,11,6,9,5,7,5,5,6,3,8,2,10

[web30]
data=14,-2,0,-2,2,-2,4,-2,6,-2,8,-1,10,1,12,3,13,5,13,7,13,9,13,11,12,13,12,15,13

[web31]
data=18,2,16,4,14,4,16,4,18,5,16,6,14,7,12,8,10,9,8,7,6,5,7,3,8,1,9,-1,10,-3,11,-1,11,1,11,-1,13

[web32]
data=13,-3,4,-4,6,-4,8,-3,10,-1,11,1,11,3,10,2,12,2,14,3,16,5,17,7,17,9,16

[web33]
data=16,8,1,6,2,4,0,3,2,1,3,3,4,4,6,6,8,8,8,10,8,12,6,13,4,15,3,13,2,12,0,10,2

[web34]
data=15,8,-1,8,1,7,3,5,5,4,7,4,9,5,11,7,12,9,12,11,11,12,9,12,7,11,5,9,3,8,1

[web35]
data=15,1,-2,1,0,2,2,2,4,3,6,3,8,4,10,4,12,5,14,5,16,6,18,8,18,10,17,12,17,14,16

[web36]
data=13,2,7,3,9,5,10,7,11,9,11,11,10,13,9,14,7,12,6,10,6,8,7,6,6,4,6

[web37]
data=16,6,10,4,12,6,14,8,14,10,13,12,12,14,11,15,9,15,7,14,5,12,4,10,3,8,2,6,2,4,4,6,6
