[wave01]
data=1,24,1,120
[wave02]
data=1,24,1,100
[wave03]
data=2,16,1,120,2,444
[wave04]
data=3,24,1,80,2,333,3,800
[wave05]
data=3,24,1,100,2,280,3,800
[wave06]
data=3,30,1,95,2,260,3,800
[wave07]
data=3,30,1,90,2,250,3,750
[wave08]
data=3,30,1,90,2,240,3,650
[wave09]
data=3,30,1,85,2,230,3,600
[wave10]
data=4,30,1,85,2,240,3,850,11,2000
[wave11]
data=5,30,1,85,2,270,3,850,4,1000,11,2000
[wave12]
data=5,30,1,80,2,270,3,850,11,2000,4,700
[wave13]
data=5,30,1,80,2,270,11,2000,3,750,4,600
[wave14]
data=5,30,1,75,2,270,11,2000,3,750,4,600
[wave15]
data=5,30,1,75,2,270,11,2000,3,750,4,500
[wave16]
data=5,40,1,70,2,230,3,750,11,2000,4,500
[wave17]
data=5,24,1,120,5,600,3,750,11,1000,4,900
[wave18]
data=5,30,1,100,5,500,3,750,11,1000,4,900
[wave19]
data=6,30,1,120,2,444,5,600,11,1000,3,750,4,900
[wave20]
data=6,32,1,80,2,333,5,500,11,1000,3,750,4,900
[wave21]
data=6,32,1,100,2,280,3,800,11,1000,5,432,4,900
[wave22]
data=6,35,1,95,2,260,3,800,11,1000,5,425,4,900
[wave23]
data=6,35,1,90,2,250,3,750,11,1000,5,462,4,900
[wave24]
data=6,35,1,90,2,240,3,650,11,1000,5,411,4,900
[wave25]
data=7,40,1,85,2,230,3,600,5,560,11,1000,4,700,6,2000
[wave26]
data=7,40,1,85,2,240,3,850,11,1000,5,399,4,700,6,2000
[wave27]
data=7,40,1,85,2,370,3,850,11,1000,4,1000,5,388,6,2000
[wave28]
data=7,40,1,80,2,370,3,850,4,700,11,1000,5,377,6,2000
[wave29]
data=7,40,1,80,2,470,3,750,4,900,11,1000,5,366,6,2000
[wave30]
data=7,40,1,75,2,470,3,750,4,900,11,1000,5,350,6,1000
[wave31]
data=7,40,1,95,2,470,3,750,4,900,11,1000,5,350,6,1000
[wave32]
data=7,40,1,90,2,430,3,750,4,500,11,1000,5,900,6,500
[wave33]
data=5,24,1,100,3,750,4,900,7,500,11,700
[wave34]
data=5,30,1,100,3,750,11,700,7,450,4,900
[wave35]
data=6,30,1,120,2,444,3,750,11,700,4,900,7,450
[wave36]
data=6,32,1,80,2,333,3,750,11,700,4,950,7,400
[wave37]
data=6,32,1,100,2,280,3,800,4,900,11,700,7,450
[wave38]
data=6,35,1,95,2,260,3,800,11,700,4,900,7,450
[wave39]
data=6,35,1,90,2,250,3,750,4,900,11,700,7,400
[wave40]
data=6,35,1,90,2,240,3,650,4,900,11,700,7,350
[wave41]
data=8,40,1,85,2,230,3,600,5,1100,11,800,4,700,6,800,7,350
[wave42]
data=8,40,1,85,2,240,3,850,5,1100,11,700,4,700,7,350,6,2000
[wave43]
data=8,40,1,85,2,270,3,850,4,400,5,1100,7,500,11,700,6,300
[wave44]
data=8,40,1,80,2,270,3,850,4,700,11,700,5,500,7,500,6,300
[wave45]
data=8,40,1,80,2,270,3,750,4,900,11,700,5,1000,7,300,6,800
[wave46]
data=8,40,1,75,2,270,3,750,4,900,11,700,5,1000,7,300,6,800
[wave47]
data=8,40,1,95,2,270,3,750,4,900,11,700,5,350,7,300,6,800
[wave48]
data=8,40,1,90,2,230,3,750,11,700,4,500,5,900,7,300,6,400
[wave49]
data=1,16,11,140
[wave50]
data=4,40,1,50,3,750,11,500,4,900
[wave51]
data=4,45,1,50,3,750,11,500,7,950
[wave52]
data=4,50,1,50,3,750,4,950,11,300
[wave53]
data=5,50,1,50,2,280,3,800,4,900,11,200
[wave54]
data=5,50,1,50,2,260,3,800,4,900,11,100
[wave55]
data=5,50,1,50,2,250,3,750,4,900,11,100
[wave56]
data=5,50,1,50,2,240,3,650,4,900,11,100
[wave57]
data=2,60,8,25,9,400
[wave58]
data=3,40,3,50,9,400,5,151
[wave59]
data=4,40,3,50,9,400,5,151,4,523
[wave60]
data=5,50,3,50,9,400,5,151,4,523,3,1500
[wave61]
data=5,50,3,50,9,400,5,151,4,523,3,1500
[wave62]
data=5,50,3,50,9,400,7,351,4,523,3,1500
[wave63]
data=5,50,3,50,9,400,7,251,4,523,3,1500
[wave64]
data=2,50,5,30,11,400
[wave65]
data=2,60,8,20,10,700
[wave66]
data=3,60,8,40,9,750,10,600
[wave67]
data=4,60,8,40,9,750,10,600,4,500
[wave68]
data=4,60,8,40,9,750,10,600,4,500
[wave69]
data=4,60,8,40,9,750,10,600,7,500
[wave70]
data=4,60,7,70,9,750,10,600,4,300
[wave71]
data=4,60,7,70,9,750,10,600,11,500
[wave72]
data=4,60,8,20,9,750,10,600,3,500
[wave73]
data=5,60,8,20,9,750,10,600,3,500,4,300
[wave74]
data=6,60,8,20,9,750,10,600,3,500,4,300,12,400
[wave75]
data=7,60,8,20,9,750,10,600,3,500,4,300,12,400,2,700
[wave76]
data=8,60,8,20,9,750,10,600,3,500,4,300,12,400,2,700,5,300
[wave77]
data=8,60,8,20,9,750,10,600,3,500,4,300,12,400,2,700,6,623
[wave78]
data=9,60,8,20,9,750,10,600,3,500,4,300,12,400,2,700,6,623,5,300
[wave79]
data=10,60,8,20,9,750,10,600,3,500,4,300,12,400,2,700,6,623,5,300,11,800
[wave80]
data=10,60,8,20,9,750,10,600,7,500,4,300,12,400,2,700,6,623,5,300,11,800
[wave81]
data=10,60,8,20,9,750,10,600,7,500,4,300,12,400,2,700,6,623,5,300,11,800
[wave82]
data=10,60,8,20,9,750,10,500,7,500,4,300,12,400,2,500,6,623,5,300,11,800
[wave83]
data=10,60,8,20,9,750,10,500,7,500,4,300,12,400,2,500,6,623,5,300,11,800
[wave84]
data=10,60,8,20,9,750,10,500,7,500,4,300,12,400,2,500,6,523,5,300,11,800
[wave85]
data=10,70,8,20,9,750,10,500,7,500,4,300,12,400,2,500,6,523,5,300,11,800
[wave86]
data=10,70,8,20,9,750,10,400,7,500,4,300,12,400,2,500,6,523,5,300,11,800
[wave87]
data=10,70,8,20,9,750,10,400,7,450,4,300,12,400,2,500,6,523,5,300,11,800
[wave88]
data=10,70,8,20,9,750,10,400,7,450,4,300,12,400,2,500,6,523,5,300,11,800
[wave89]
data=10,70,8,20,9,750,10,400,7,450,4,300,12,400,2,300,6,523,5,300,11,800
[wave90]
data=10,80,8,20,9,750,10,400,7,450,4,300,12,400,2,300,6,523,5,300,11,800
[wave91]
data=10,80,8,20,9,750,10,400,7,450,4,300,12,350,2,300,6,523,5,300,11,800
[wave92]
data=10,80,8,20,9,750,10,400,7,450,4,300,12,350,2,250,6,523,5,300,11,800
[wave93]
data=10,80,8,20,9,750,10,400,7,450,4,300,12,350,2,250,6,523,5,100,11,800
[wave94]
data=10,80,8,20,9,750,10,400,7,450,4,300,12,350,2,250,6,523,5,100,11,800
[wave95]
data=10,80,8,20,9,750,10,200,7,450,4,300,12,350,2,250,6,523,5,100,11,800
[wave96]
data=10,90,8,20,9,350,10,200,7,450,4,300,12,350,2,250,6,523,5,100,11,800
[wave97]
data=10,90,8,20,9,350,10,200,7,450,4,300,12,350,2,250,6,423,5,100,11,800
[wave98]
data=10,90,8,20,9,350,10,200,7,450,4,300,12,350,2,250,6,323,5,100,11,800
[wave99]
data=2,100,8,20,11,100
[wave100]
data=2,100,8,20,11,100
